100
968
9300
69
877
9264
7415
8197
8573
5223
176
382
5
29
9938
2
1124
9327
7992
643
9342
81
732
9918
58
4204
4204
4204
79
9085
23
173
9022
54
14
9875
9
273
297
70
241
422
54
58
9887
17
7685
9765
9577
3391
4645
6824
3803
7956
7532
2267
3475
953
1164
6208
97
706
9559
95
1973
3046
5417
176
9762
61
32
9938
5
311
475
1088
183
275
4
2121
5394
4730
347
9636
26
539
9495
55
704
9123
9
915
9388
90
17
71
77
288
450
52
955
9421
76
827
9700
73
387
9946
31
8667
9586
8212
6040
7320
61
6482
7527
296
18
9908
1
421
9157
42
593
9009
10
437
9863
42
6942
8582
6293
4405
9013
8752
775
9484
56
765
9835
89
1
9904
8
296
9730
60
18
9856
10
5852
5852
5852
637
9028
13
970
9126
93
4957
8542
5365
4957
9696
360
622
9768
88
957
9725
2
60
7591
5586
477
9726
24
501
9319
46
321
9204
50
3183
4834
1655
365
9493
95
270
9425
87
135
9987
65
13
9997
3
1835
7186
3
330
1187
22
312
9256
2
4574
5630
8888
8493
9718
2913
3124
6692
8814
16
9910
6
7668
9883
54
2585
2585
2585
319
9567
35
889
9371
56
95
386
79
5241
8521
40
424
6366
1318
17
9982
4
7129
7129
62
270
9412
87
1963
8599
3347
3599
6300
36
464
9793
19
3729
6287
9679
2913
7789
371
5016
5729
16
7359
9879
9909
3282
8871
6047
2747
4839
2474
18
9948
7
2
7240
6266
12
9646
48
263
333
61
772
9132
12
143
9273
74
814
9796
20
4837
8423
39